1001706452023693314
1002748122853003265
1003333130361737216
1003836513912680448
1004696762643308545
1006380272466550785
1006962616332374023
1007144883864457216
1007397030329806848
1008749621546573825
1008971448269099008
101074528
1011690462908952576
1012324633763373056
1013275374371786752
1014550244741148674
1014843154858733568
1015972248547680257
1017308002058031104
1017320729325572096
1017843920334618624
1019393831622541312
1019840712312020992
1020612042384912384
1021414704047165440
1023004110625431552
1023081791454949376
1023481256359682048
1024953954558504960
1025183975818444802
1027549338107617285
1028969845197422593
1029012451
1029756266
1032106634
1032639551821545472
1033086988247883776
1033445275510165504
1034614349493678081
1034849408444231681
1035032816642338816
1035239618466275329
103764647
1040648588
1001284321360207873
1002230317816729600
1005849490614415360
1012331428389023744
1022324783428526080
1023429609210052609
1023853901882249216
1024735807293284353
1030688305
1040564131810566144
1042327029092311040
1042545832468393986
1042642235211231232
1042906555010691079
1043714828265652224
1044446976035577856
1044562993604890624
1044667862013620225
104472720
1045069639
1045658828480495616
1046965914409885696
1049866577112231936
1051658149638393858
1051869650
1052600678005256192
1052976286002499585
1053804198159179777
1054067474579238918
1054723866197741570
1055115308422303744
1057798072032522241
105783005
1059817573741723648
1062187843806625792
106266929
1062768186532093953
1064272543035650054
1064420382764163072
1064533030432399360
1064633025047207937
1064649005488058368
1064688506361049088
1065172188410589184
1065467054084579328
1066034807312973824
1021998795415011328
1032691223277064192
1067162371507060736
1067232355608276992
1067688392
10685262
1068977567225532417
1069301271595794433
1069616081805828097
1069672974205079558
1069700461199020032
1069797121644126209
1070112450702266368
1070191501332889600
1070347383576428544
1072672573672980480
1073496389844373505
1074815505486176256
1075244311518666752
1075245907
1075884626558648320
1077257588276891648
107819949
1078928425153290240
1079277889558728706
1080232701268058114
1081960385593466886
1081996249572638720
1084334252278407168
1084588361145298944
1085678893246361600
1085838428686741505
1086170471811481600
1086348345885503492
1086349144325804034
1087930727159816193
1088811767684386821
1089085697703710720
1089274789750030338
1089981674623062016
1090040035473281024
1090190957050499072
1092151170804711427
1092579601962975232
1093284550371872774
1093674871748476929
109372157
1093976823086661632
1094356274605633543
1097464509793558528
1098360372426354688
1098454085878001664
1098622561775169539
1098952786341957634
1099233173848899584
1100265026118656000
1100844010598473728
1101191547654152192
110129573
1101550921706807298
1101556118621306880
1102409402391375872
1103072355037954048
1103678629018394624
1104545322716389377
1104959858695131137
1105071376375967752
11051452
1105242837657010176
1105339769200947200
1105593310972915712
1106403381709549568
1013072358062555137
1019505636533563393
1059507605033402370
1089234747417595910
1093131585094856705
1104986616
110665708
1107075743371223041
1107783690984325120
1107882338
1108110727741620226
1108894418726203392
1108926387665039360
1108946060183920641
1111106966875566080
1111923001862356992
1112500304644358145
1113146749512757248
1113795389570932737
1113882508800577536
1114246332552814592
1114659800653152263
1116516979152756736
1117576481264275458
1119453039239155712
1119649231692795906
1120376480943312900
1121411121200676864
1121788892980633600
1122964315366146048
1122975837073149952
1123989616162373634
1124156061261238272
1126565883923574790
11267122
1127453949865254912
1127542083487715328
1127726393352163329
1128349208866693120
1128652191399596033
1128859046063235072
1128878664572166144
1128980828292300800
1129210746565480448
112996612
1131097865827131394
1131160304237260800
1131267851925544967
1131610310656385025
1132436908406185985
1133098089965916161
1133849545794887681
1134257638286462976
1136750962067017728
1136831474
1137440925343506432
1138175564211245056
1138790466617466880
1139187950678413313
1140028708318617600
1140813251925696513
1140993852393717760
1141045512218533889
1141851710
114202774
1142229690964500480
1142719511965122560
1143221879735496704
1143396610916798464
1145818636864708608
1146359443971616768
1146885932
1147675060179800064
1148237387157385216
1148701843457003522
1148984025253498880
1149445446433218563
1150381621339668481
1150530218337001472
1150729203563806720
1151330545168556032
1151635423900266497
1152239181382467585
1152547837030404096
1154046961684664323
1154119069378994176
1154289455353569280
1154484482877075457
1154800461939015680
1155422611763073024
115624836
1157071097029898240
1157369150005751813
1158693469168099329
1159257420402712577
1159434440239718400
1160037702231842819
1162881540659011586
1164018408247029760
1165834387348426752
1166115049678807041
1167825275205210112
1168004731450679296
1169577012001816576
1171164506392653824
1171203706014130177
1171635302940545024
1171963274100969472
1172428358975516672
11738872
1174273814244597760
1174525533314400256
1174721185218793478
1175026821638905861
1175632383804096512
1176419211779821568
1176607624311320576
1176987224900022272
1177686076707786752
1177989974186057728
1178405133371097089
1178840753323294720
1179180691780784158
1180202297365807104
1180514767
1181226505818517504
1181341566847406081
1182218254200250368
1183264020708515840
1183771423329968128
1184695218299228160
1185435701296320513
1185783841
1185898632249331718
1185965903567114245
1186038666554200064
1186449577442009090
1187168236368023552
1187773102089850880
1188538181186211840
1188821183518646278
1188848553810186242
1188954499517280256
1189175871090941952
1189768615106473985
1190045648365768704
1190726565073522694
1190850288254640128
1190861426816106496
1191149591934259202
1191152513459924992
1191764588846604289
1192049137753219075
1192296104978714625
1192680250905440256
1192692960
1193363574149783552
1193543055237885959
1194425508
1194749487262162944
1195707453125668864
1195930357113262087
1196882315777118209
1197065663044444161
1197362936714383360
1197814774203113477
1197993784677666816
1200035885972107265
1200330399102197761
1201928213032685568
1203380003506970625
1204000292993470464
1207145485540188165
1207698371361886208
1208047139793833991
1209507559347871744
1212688776910139392
1213765123526934528
1213950243382808576
1213981547293884416
1214182219628941312
1215349051576799238
1215432992337879046
1215624417524322304
121655828
1216703935722946566
1217912735901548544
1218288385581887488
1218964640199258112
1219074346506911745
1219734996950319104
1219740454067064832
1220121799553249280
1220341661273853952
1220864168473112576
1222077417717739522
1222301477676302336
1222325017796665344
1224022784185073665
1224438246383542272
1224589608102637569
1224758772393897984
1225181393765924878
1225493884807077889
1225628126
1225971885592195072
1226685830
1227154196438376448
12273252
122738830
1228102109758926848
1228352030
1228721720976183296
1228849786637426688
1229108613748346881
122919601
1230026327605952512
1230411915051978752
1230445825144299520
1230796146655801344
123097262
1231714400563859457
1232117907984916481
1232591223468240896
1233549054371680256
1234044388902305793
1234741300177580032
1235044580480946176
1236069936050528256
1236363363547901952
1237132856578715649
1237781194999238664
1238467830682660865
1239402610974695425
1240317973929361408
1240730094760493059
1240842076486598657
1240928608325001216
1241453804635082752
1242948673065177096
124340705
1243478774189969413
1243665419501744133
1244416783961993217
1245469629625090050
1246184693055123456
1246577241489883139
1247203733651546114
124811295
1248141483619672065
1248229232779694082
1249007824484646912
1250070152370151424
1250078856503078912
1250413451740164096
1250629821413167104
1251229848523112454
1251838699098107904
1252212242520641537
1252623560
1253258898934386688
1253369453984862210
1253762869679644673
1253769079799898123
1254511772645523456
1255163762795057153
1255552272651567106
125568814
1256250493640335360
1256373983827693568
1257136719662587907
1257354560223535105
1257567692158046209
1258012547858305024
1258077873115738112
1258568417780486144
1258671082535608323
1258826878980407299
1258960147877171200
1259523503503675398
1259770044352847873
1259855821279821826
1260239429790322688
1260644757304377345
1261343011859869699
1261383317892538371
126152870
1261537967983726592
