1001706452023693314
1002748122853003265
1003333130361737216
1003836513912680448
1004696762643308545
1006380272466550785
1006962616332374023
1007144883864457216
1007397030329806848
1008749621546573825
1008971448269099008
101074528
1011690462908952576
1012324633763373056
1013275374371786752
1014550244741148674
1014843154858733568
1015972248547680257
1017308002058031104
1017320729325572096
1017843920334618624
1019393831622541312
1019840712312020992
1020612042384912384
1021414704047165440
1023004110625431552
1023081791454949376
1023481256359682048
1024953954558504960
1025183975818444802
1027549338107617285
1028969845197422593
1029012451
1029756266
1032106634
1032639551821545472
1033086988247883776
1033445275510165504
1034614349493678081
1034849408444231681
1035032816642338816
1035239618466275329
103764647
1040648588
1001284321360207873
1002230317816729600
1005849490614415360
1012331428389023744
1022324783428526080
1023429609210052609
1023853901882249216
1024735807293284353
1030688305
1040564131810566144
1042327029092311040
1042545832468393986
1042642235211231232
1042906555010691079
1043714828265652224
1044446976035577856
1044562993604890624
1044667862013620225
104472720
1045069639
1045658828480495616
1046965914409885696
1049866577112231936
1051658149638393858
1051869650
1052600678005256192
1052976286002499585
1053804198159179777
1054067474579238918
1054723866197741570
1055115308422303744
1057798072032522241
105783005
1059817573741723648
1062187843806625792
106266929
1062768186532093953
1064272543035650054
1064420382764163072
1064533030432399360
1064633025047207937
1064649005488058368
1064688506361049088
1065172188410589184
1065467054084579328
1066034807312973824
1021998795415011328
1032691223277064192
1067162371507060736
1067232355608276992
1067688392
10685262
1068977567225532417
1069301271595794433
1069616081805828097
1069672974205079558
1069700461199020032
1069797121644126209
1070112450702266368
1070191501332889600
1070347383576428544
1072672573672980480
1073496389844373505
1074815505486176256
1075244311518666752
1075245907
1075884626558648320
1077257588276891648
107819949
1078928425153290240
1079277889558728706
1080232701268058114
1081960385593466886
1081996249572638720
1084334252278407168
1084588361145298944
1085678893246361600
1085838428686741505
1086170471811481600
1086348345885503492
1086349144325804034
1087930727159816193
1088811767684386821
1089085697703710720
1089274789750030338
1089981674623062016
1090040035473281024
1090190957050499072
1092151170804711427
1092579601962975232
1093284550371872774
1093674871748476929
109372157
1093976823086661632
1094356274605633543
1097464509793558528
1098360372426354688
1098454085878001664
1098622561775169539
1098952786341957634
1099233173848899584
1100265026118656000
1100844010598473728
1101191547654152192
110129573
1101550921706807298
1101556118621306880
1102409402391375872
1103072355037954048
1103678629018394624
1104545322716389377
1104959858695131137
1105071376375967752
11051452
1105242837657010176
1105339769200947200
1105593310972915712
1106403381709549568
1013072358062555137
1019505636533563393
1059507605033402370
1089234747417595910
1093131585094856705
1104986616
110665708
1107075743371223041
1107783690984325120
1107882338
1108110727741620226
1108894418726203392
1108926387665039360
1108946060183920641
1111106966875566080
1111923001862356992
1112500304644358145
1113146749512757248
1113795389570932737
1113882508800577536
1114246332552814592
1114659800653152263
1116516979152756736
1117576481264275458
1119453039239155712
1119649231692795906
1120376480943312900
1121411121200676864
1121788892980633600
1122964315366146048
1122975837073149952
1123989616162373634
1124156061261238272
1126565883923574790
11267122
1127453949865254912
1127542083487715328
1127726393352163329
1128349208866693120
1128652191399596033
1128859046063235072
1128878664572166144
1128980828292300800
1129210746565480448
112996612
1131097865827131394
1131160304237260800
1131267851925544967
1131610310656385025
1132436908406185985
1133098089965916161
1133849545794887681
1134257638286462976
1136750962067017728
1136831474
1137440925343506432
1138175564211245056
1138790466617466880
1139187950678413313
1140028708318617600
1140813251925696513
1140993852393717760
1141045512218533889
1141851710
114202774
1142229690964500480
1142719511965122560
1143221879735496704
1143396610916798464
1145818636864708608
1146359443971616768
1146885932
1147675060179800064
1148237387157385216
1148701843457003522
1148984025253498880
1149445446433218563
1150381621339668481
1150530218337001472
1150729203563806720
1151330545168556032
1151635423900266497
1152239181382467585
1152547837030404096
1154046961684664323
1154119069378994176
1154289455353569280
1154484482877075457
1154800461939015680
1155422611763073024
115624836
1157071097029898240
1157369150005751813
1158693469168099329
1159257420402712577
1159434440239718400
1160037702231842819
1162881540659011586
1164018408247029760
1165834387348426752
1166115049678807041
1167825275205210112
1168004731450679296
1169577012001816576
1171164506392653824
1171203706014130177
1171635302940545024
1171963274100969472
1172428358975516672
11738872
1174273814244597760
1174525533314400256
1174721185218793478
1175026821638905861
1175632383804096512
1176419211779821568
1176607624311320576
1176987224900022272
1177686076707786752
1177989974186057728
1178405133371097089
1178840753323294720
1179180691780784158
1180202297365807104
1180514767
1181226505818517504
1181341566847406081
1182218254200250368
1183264020708515840
1183771423329968128
1184695218299228160
1185435701296320513
1185783841
1185898632249331718
1185965903567114245
1186038666554200064
1186449577442009090
1187168236368023552
1187773102089850880
1188538181186211840
1188821183518646278
1188848553810186242
1188954499517280256
1189175871090941952
1189768615106473985
1190045648365768704
1190726565073522694
1190850288254640128
1190861426816106496
1191149591934259202
1191152513459924992
1191764588846604289
1192049137753219075
1192296104978714625
1192680250905440256
1192692960
1193363574149783552
1193543055237885959
1194425508
1194749487262162944
1195707453125668864
1195930357113262087
1196882315777118209
1197065663044444161
1197362936714383360
1197814774203113477
1197993784677666816
1200035885972107265
1200330399102197761
1201928213032685568
1203380003506970625
1204000292993470464
1207145485540188165
1207698371361886208
1208047139793833991
1209507559347871744
1212688776910139392
1213765123526934528
1213950243382808576
1213981547293884416
1214182219628941312
1215349051576799238
1215432992337879046
1215624417524322304
121655828
1216703935722946566
1217912735901548544
1218288385581887488
1218964640199258112
1219074346506911745
1219734996950319104
1219740454067064832
1220121799553249280
1220341661273853952
1220864168473112576
1222077417717739522
1222301477676302336
1222325017796665344
1224022784185073665
1224438246383542272
1224589608102637569
1224758772393897984
1225181393765924878
1225493884807077889
1225628126
1225971885592195072
1226685830
1227154196438376448
12273252
122738830
1228102109758926848
1228352030
1228721720976183296
1228849786637426688
1229108613748346881
122919601
1230026327605952512
1230411915051978752
1230445825144299520
1230796146655801344
123097262
1231714400563859457
1232117907984916481
1232591223468240896
1233549054371680256
1234044388902305793
1234741300177580032
1235044580480946176
1236069936050528256
1236363363547901952
1237132856578715649
1237781194999238664
1238467830682660865
1239402610974695425
1240317973929361408
1240730094760493059
1240842076486598657
1240928608325001216
1241453804635082752
1242948673065177096
124340705
1243478774189969413
1243665419501744133
1244416783961993217
1245469629625090050
1246184693055123456
1246577241489883139
1247203733651546114
124811295
1248141483619672065
1248229232779694082
1249007824484646912
1250070152370151424
1250078856503078912
1250413451740164096
1250629821413167104
1251229848523112454
1251838699098107904
1252212242520641537
1252623560
1253258898934386688
1253369453984862210
1253762869679644673
1253769079799898123
1254511772645523456
1255163762795057153
1255552272651567106
125568814
1256250493640335360
1256373983827693568
1257136719662587907
1257354560223535105
1257567692158046209
1258012547858305024
1258077873115738112
1258568417780486144
1258671082535608323
1258826878980407299
1258960147877171200
1259523503503675398
1259770044352847873
1259855821279821826
1260239429790322688
1260644757304377345
1261343011859869699
1261383317892538371
126152870
1261537967983726592
1262342676814467072
1262443302210723842
1262521690996854786
1262565393685794816
1263031705256026114
1263145578046898178
1263653949573197826
1263896608971935749
1264489268795199488
1264544278040248320
1264677074037551106
1265374396924887040
1265672009410842624
1266142936368111617
1266370249781161984
126670762
1267151778728087569
1267226642
1267446201575714816
1267614676818391041
1267635618835836929
1267971404273778689
1268175883870720002
1268234659659427844
1268243346
1268355585449181186
1268619277122355200
1268735746522804225
1269101574120517638
1269490516472655872
1269730122090725376
1270078797967011841
1270230770767089664
1271064884441223169
1271289718127292416
1271416927034863616
1009429105220177921
1019628166850203648
1020497070610944001
1024031110433595396
1029506100771602433
1032725601650655232
1047707765764894721
1048390215746965504
1048713763
1067505393428045824
1077641703211831296
1080985289462558721
1082742996058103808
1110000144328454145
1145986544718745600
1161681335385243648
1165229229191000064
1169610548679532544
1198491116
1199678485008007169
1200427970076143616
1208335255570132992
1236440809446297601
1238220020842483714
124618598
1246772036992671744
1250369281579257856
1259293967801356289
1259537765714341888
1262987882
1265443695098298370
1271854687763886080
1271869871618265088
1271913692272250880
1272795089559973888
1272986243882717185
1273261768077344768
1273532797123211264
1273704749318144000
1273801209158217728
1273890259378585601
1273976021952462848
1273999597875023874
1274194577340002306
1275028653232046082
1275165042468667393
1275274676751785985
1275462766170501121
1275589347278872577
1276153679008206853
1276210178418003969
1276268365301059584
1276331498711339008
1277367647336726528
1277597586527080448
1277814925352513537
127789072
1277941910733193217
1278016692459692037
1278909006896128000
1279171339186659329
1279421369764270081
1279520953186353154
1279547422994202624
1279787856911831042
1280265578343776264
1280799305742286848
1280864212089257984
1281317512605569025
1281468944847712256
1282038424619253763
1282378038118952960
1282764305117708288
1283079144297857024
1283412056931172354
1283724874079440902
1283903102
1284472669870665732
1284801753511321600
1284947436499329029
1285041558123958273
1285189202578149383
1285522232450719744
1286248013388754944
1286453045463851010
1286662317850021897
1287116078
1287654857420111874
1287889917318696960
1288277974601564160
1289619905822765057
1289684153726885888
1289831734511534080
1290213490142195712
1290421849935900672
1291114758184349696
1291556784188952576
1291834376045703168
1292249477617655808
1292307200375959552
1292977738215821314
1293005166698885120
1293772304464240641
1294005065641070594
1294348562407587840
1295060711538860032
1295533907190976513
1296217379345698816
1296571949766676480
1297595033500168192
1297620762547822592
1297961687652470784
1297972217385549829
1298630817195884544
1298678561876967427
1298712283837685760
1299385710391300097
1299765795506081793
1299821452217200647
1300117347391492100
1300128442445434880
1300221392617693184
1300321078737358849
1300458794254626816
1300820904486764545
1300876741037219842
1301264799460782080
1301267240503963651
1301987500165136385
130210351
1302421034184765440
1302687883875299328
1302952069494706177
1303309570945712128
1303760126071828481
1303864468863102976
1304107727090663424
1304950575738556417
1305024768349843456
1305078867728699393
1305228302374895617
1305760283781222400
1306351430840717312
1307134993991262209
1307540350127321090
1308153149820084224
1308306373680087040
1308755591465230337
1309875056248524800
1310078620962967553
1310320084406226945
1310836644946145286
1310944226021183490
1310981571516805121
1311171990116380673
1311336008554864641
1311458244888596491
1311505050737410049
1311583482011881473
1311681452
1311784381606813696
1312079959960154112
1312124756
1312179924598390784
1312429987073527814
1312433866897068034
1312444772938739712
1312491126507466752
1313016377108692997
1313143708733276161
1313303196266385409
1313821249865302017
1313903938840801280
1314336088824016896
1314377484775780354
1314908047169515521
1315797916192321536
1315832351939723265
1315985862480584704
1316352462173999104
1316445386580557832
1316582957809897472
1317533716919537668
1106589400270540800
1317974987844820992
1318240557244833795
1318317871060160514
1318406460133527552
1319166145220407297
1319348146414247938
1319483967612006405
1319545518540849157
1321238664341417984
1321500523497881601
1321648844334014465
1321690948359901185
1321871026951606272
1322197539987357696
1322214496241389574
1322231569902428160
1322258351737069569
1322455489133842434
1322790653525450755
1322895703035781127
1323101187177127936
1323192846166286336
1323388423449812995
1323684146393337857
1323809635141386252
1324490058309734400
1324676772865036289
1324694816098295809
1324778370270416899
1324812917036982272
1325255236878032897
1325337287220146178
1325772177551994880
1326239607856517120
1327770222984654848
1327903244023189504
1328214066867924994
132847357
1328538518696718338
1329800887
1330391172246855680
1330634455438995462
1330924205584621569
1331006768030261248
1331037722086158338
1331268075623223298
1331282774133760007
1331292802945343490
1331611725142044801
1332023409501409280
1332687698910330885
1332869725437763584
1333135267646091269
1333361268
1333512574894280707
1333722833680142339
1333859835243323392
1333939739968344064
1334609826828210179
1334903263104266244
1335354099110457345
1335382477284708352
1335532607757541383
1336429067244081153
1336470808206725124
133651840
1336539008223023104
1336705542610411520
1336718514749661185
1336883620334632960
1337130540529487885
1337156547571572738
1337216978298294274
1337495200797749248
1337678305
1338127317025968128
1338182441702289408
1338514517513424899
1338518222367322115
1338911435720708097
1339107958228054017
1339687766880337921
1339901773809504257
1340062202762579971
1340439272332152834
1340510770350571523
1340832861973299200
1340918394627870721
1341216338078011392
1342693782995697669
1342756991526047744
1342841024650108928
1343033911450857473
1343989913855782912
1344041266766602245
1344359424178212865
1344461439457660929
1344552978678751232
1344710366652223488
1345367032682975232
1345684100825427968
1345909177420570626
1345943481840230401
1346183411510038529
1346305537026248704
1346443232339759106
1346639777504894977
1346681819933143041
1346961140211994624
1346966510598725635
1347275191999623170
1347294308
13473182
1347415378192982016
1347430232509190144
1347494728481304581
1347676741347794947
1347707794879782913
1347898019988041729
1347926367371857924
1347986494217211919
1348203485997752320
1348208536111763458
1348273791219200001
1348584975185174528
1348796987571720192
1349033233929932800
1349037295266050053
1349175243437432832
1349290406371012608
1349368326791823360
1349438185378631683
1349849302953299970
1350089479680356354
1350234435724206081
1350332863699324929
1350623949093302274
1351047969118834688
1351256394146537472
1351444369
1351630205140525058
1351754392467173378
1351918232920338442
1352461672611536896
1352646509431451654
1353468326127808518
1353475409304813568
1353496330342199297
1353643916315267072
1353652334245588992
1353737388644823040
1353738974376955905
1353747601322094603
1353752510851391492
1353758853679165440
1353770052923895808
1353773698042503168
1353777646463807490
1353808131432861696
1353862853351112705
1353869884690747397
1353980498012471296
1353986688209444895
1353992587825221632
1353994172534042629
13540172
1354018964532289537
1354084039947390984
13552232
1357449979
135902937
13687132
1370507564
137577787
138410957
138845190
1391657142
139291792
1393526442
139920911
140660029
14140874
141484416
1416699457
1419175124
14250132
1431581401
1431751531
1431961770
1433828840
14357946
14362930
14372486
143961536
14404502
14458318
144629543
14475317
1450498548
1453829138
146219095
14656516
14669269
1471507832
1474561424
14763734
14787758
1479936354
14818565
14826483
14836243
14877019
1487707340
1487993893
149382356
14985128
15046259
15053224
15053645
15066271
15174104
152256017
1525262214
15258479
1531333748
1537019066
1537495418
1541199612
154147881
15423903
154565165
15550089
155645096
1556820307
15596278
15612058
1563012548
156423402
15686768
1573966940
15756996
15832179
1583877744
1584145207
158677704
159378305
159603639
159762997
15978689
1601235684
16018026
160335603
160829544
1611963463
16121244
16151835
1615821463
161830543
1618523779
16224197
1626233732
163194551
1634956507
16371379
1638814567
16401209
16428661
1646866080
1646997127
165349611
165859368
16638866
166777438
1670560057
1671905058
1677870558
1683476317
168690459
1689897708
16899769
16922486
1693203602
16958725
1712980862
1714283762
17259011
1730845933
17380802
174191230
174479303
174831236
175660046
176061328
176138966
17628456
177373387
179099957
179253352
18070785
18133916
182329250
183486277
18481236
18490803
1861881726
187312218
187394184
18904913
1892810706
1893719730
189735576
18987108
190423808
190626364
191633111
19170737
192079508
1926667860
1931328998
1934503716
1945005824
19483022
194905235
1959387570
19836967
1986161
19937350
20063830
200647729
20178890
202665208
20273398
20288347
20302136
203145888
20458823
20472850
21474081
2148417453
2152725407
2156133453
215669213
215832196
2165227813
2175384020
2175908159
2179286424
2180977649
218273956
2183273714
218588018
2190521102
2193280580
21944207
2196252465
2199875335
2203455648
2206462985
2210969161
2211449657
2211735349
22162059
2222186941
22221992
2226285564
222789327
22319307
2235008396
2239326774
22412215
22418826
22431272
2246019018
2250657380
225277162
2256449619
2261274397
2263797415
2266643864
2274637129
2275977978
2277379261
228299366
22847710
2290223653
229256445
2302173776
2304340039
231048692
2313273882
23180169
231969863
2329113407
2334574476
233718699
233885363
233904745
2339687792
2342697248
2345038485
23455553
2350464696
2352476492
2354878417
235528241
2363435827
2368996430
2369712038
237049886
237554183
2378311
2383748624
2386872595
2389068597
239232850
239561402
2400951956
2401561045
24075797
2414679410
24200759
24207328
242097476
2421978456
2425177933
242721297
242865393
2432750568
2447529301
24530460
2453281034
2458116697
2458438587
2458539589
2460592760
246181230
246348516
2464045663
2465894475
2466384210
2468745865
2470477970
2470741418
247349686
2477595936
247867868
2478793862
2480048245
2481852461
2491597775
249308714
2493609224
251800355
25382356
254051223
2543982944
2546996054
254773774
2547857790
2568114971
2568155656
257221363
257399478
2579467267
258001300
2581486644
2584711
2587683493
258842651
259466513
2596806103
26044708
26046948
260716166
260838783
2608585538
26088284
2608892755
2611234214
2614041031
262402323
26352174
26379563
264972971
265038305
2652578629
2653052355
265539199
2663972816
266651001
266664741
26671786
2672055205
26776411
2679980586
2683512522
2688283020
2691059700
2694154514
269975373
270787018
270880686
271077663
2711774113
27152576
272213042
2725455738
2732866781
2733341855
273402305
273773262
2741050938
274504689
2746987025
2747192450
274992835
275686563
2767239110
2769632012
2776387639
27799601
2783787047
2784893825
2786922777
2788243796
279305995
279370945
2794532777
2795231585
2799831586
2801432339
280212551
2807692753
2813678052
2814040284
2814858840
2823079217
2845143128
2846767571
2847385275
2847971504
2854367975
285603076
285837868
2863745007
2866565843
28740843
2880235029
2881059690
2883130399
2885215744
2890555732
2891456768
2899718445
2900700377
2904726093
290997167
2912371951
2912423935
2913293592
2921550809
2924339230
2925830829
2925892282
2927229146
2944471652
2945161234
295251803
2957503097
2968974720
2971932574
2972293821
2981782721
2989026796
299138851
3004028931
3009139854
3012292929
3013823846
3019347359
3020365841
3021608035
3026518440
3026775454
3028465366
3039048208
304207830
304387731
3053034875
305309433
3060232773
3064266184
3067828031
3071749723
307717681
3078113014
308141457
308762876
3090691539
3092411313
309743243
30987870
31203646
312225710
312360558
31251709
3127352400
3137785274
3137932051
314041209
314730239
314769185
3148636663
3155716419
31597174
3160182463
316213583
316761152
3168496039
3170656593
3170981478
317700874
3178103226
3198311040
3213408594
322146522
3226062189
3226168862
322910851
3230513226
323597554
3242834677
327902379
328108869
3293663449
3295257694
3297135722
3298492465
329889554
3299059066
3300588425
330236412
3302565271
3302727145
3305925577
3308310391
3309412794
331195897
3313567442
3313609608
331701363
3318158708
33266863
3327090263
3330149315
3338564968
333888884
3339947403
33424095
3342569663
3342679792
33443283
3348042899
3354222545
336509758
3368499088
3369566111
3369606429
337163383
33802020
3390665254
3393340095
3395588601
3397681791
339870191
34133428
3418512974
3432934311
3433341533
344047716
344071700
3479686632
348005218
348959206
34907260
34915010
349918721
350905666
35164303
352342668
354098623
35671638
35773357
35776641
357869237
35801706
3587189234
359080975
361773174
362591430
3645639137
36464935
36497793
365218954
366326676
366402384
3666170302
3667124715
371919805
372431092
3727897831
37325301
374031285
3740749932
374230929
374797552
37571079
376935493
378969365
382273932
383412949
3837382332
3842673016
384763249
38596629
386384132
387795550
389086321
389839243
389847808
3934962974
397073138
39868611
40156406
4016741423
402148123
402586400
4034420121
404655703
40532293
4061170096
4061487315
4078525393
409631708
4097911055
410151978
4107347054
41127025
411807563
412268470
4151492242
417538245
420696559
42089820
4212995179
4221585815
424113171
425156266
42637565
426507183
4297407509
430137402
430367449
431926459
4327991963
4328627547
4341176713
435199092
435713530
4398615977
44014941
4426087876
443106899
443284148
443348781
443781973
444005014
444284249
445940317
449230287
4493127740
449543593
4504018103
451816710
4527722481
4541463261
45482858
4549848132
455872061
4582086988
459187074
4593924209
460489687
460718799
461064393
461734446
46247558
46282116
463996386
4650526572
4651266307
465241696
467862963
469916008
470476269
4705430420
4715030430
47304773
47319345
475412732
4758967780
476409677
4796539882
4807311
480786898
48184684
4821247381
4822037956
4825881382
4827176412
4827689477
4836118133
4843819995
4857291193
4858279043
4874201753
487629168
4877255375
4879840102
48858056
48967368
4906948469
4911385967
4913589013
4915709900
4924318060
493271516
493847559
49691354
498760853
501996115
50837874
51422938
517040112
51898943
51920870
521256924
522144534
52319005
52610549
535226139
535383330
535569951
537812384
53837332
539903686
542338843
544258258
545533864
5460592
54886530
549020078
552847635
553917747
55640364
556709155
56061157
56267926
563781796
5650122
570307781
570903377
571734107
573681593
574670092
574926720
575749063
575790983
575866500
581915325
58290213
58511735
585656653
587338323
58777645
59041007
591908609
591991857
595578545
59967133
600609098
601342078
603450019
606957490
608279335
608502559
608669120
609479637
614626989
614680333
614738601
618711216
623753129
625880247
625994159
626059811
631692563
634886710
637402854
65294835
6624102
67382071
67517090
67521163
67531368
69190395
69244592
69540361
697400229574926338
701698322378129408
704583568316633088
704614144956215298
70542851
70568057
707261204037705728
707489140586225664
707936629
708033871099641857
708306097
708488774402109440
709339004827623424
710742569165168640
711670551752929281
714230053526179845
714407269
715198343001952259
715492170392846336
715680265
7157132
716456193775022080
716951810
717405984101175296
717811925309067266
718867844491042816
719878521141731328
720020076947222528
721178117696569344
722420952152350720
722850050
722889599698235392
723570389281058818
724079774113603585
724520585917804544
725264898
726203167608705024
726475173621293056
72717308
727239356612771841
728406694729011200
729592668100169728
730303305226670080
731984723325648898
733129349730324480
734601137731604483
735827631040565248
736143275376160768
736221990151966720
739120452
739968648
740309207258304512
741258586957983744
741693583137247232
742019350601682948
743493299084877824
743771665
743947235411509248
744908978921082880
745495628
746420900183052290
750032977279774725
751834856649330688
752601901510762497
75292095
756413470124412928
756419541043847168
756590445350694912
756901005057462272
756920161656012800
756992115943542785
757297498482352128
757534409960677376
758968980
759457397089992704
759847558227173378
76030486
760504536137990148
762010394760187905
762033895420198913
76237826
763600400327073792
766316286284558336
767416157427077120
767761128470351872
768178484569108480
768617923514470400
769899570100776961
7709782
771035991956217856
771395112630784000
772433228053422080
772860666172563456
773000507619106816
774968759035502593
775759179013324800
775769336795451392
775843397412200448
776113614302408704
776956108405637121
77810367
778661426
778695283962093569
780792121431199745
780889562
781274414
781612225
782002107062681600
782602685342216192
782625637252993024
783032174
783797588579540992
783815895277862916
785891878667423744
787448095315402752
788098
79058072
791412722185408513
792548682436452352
79286525
793798866755870720
794188590934855680
794556079736766468
797142358785687552
797154450272043012
797931000533811200
79812508
801517099524952064
802025356408426496
802930563770421248
803374998949953536
803420039659585536
803692356
804154744092684290
804792957962518529
805245211010011136
806201285586325504
807592470146088961
809168311564939264
809185700662935553
809229705073147904
810681638
810725017189224448
810755070
811416722070716416
81401856
81414870
816473332531032065
816701699977052161
817544245120761856
818404106045886464
819040795
819316270646652929
820026133110550528
820053295775490048
820417229829378049
821162181567778816
822078745649483776
822232861801594880
822282966642655232
822509475689070593
822689885027008512
823403815483375616
823527607769690113
823736053131448324
824108544089849856
824201276279947264
826848198253826048
826858209981902849
826913607921176576
827161917609357313
827225522002415616
827528932383670273
827992732631044097
829012886790033415
830531669631303681
830938544130707456
832134067378221056
832234879
833447159911546880
834264474571984896
835129711873359874
836569191125745664
838473165110071300
83891920
84066314
840784164462948352
841514200874725377
841717198997639169
841849081781714944
84196561
84198112
84203667
842501796
842720961585668096
842813135123750913
842858330846613504
843471117356617728
843919411639652352
84411013
844846176
845880038
846436034632171520
847213360412327937
847310772082360322
847406268448776193
847785191636652034
847958095
848706762576470016
850696064516706305
850750580741914627
851631482544181248
852264777757982720
852933697280016384
854322973624422400
854661836574048260
856150253065654272
856523407709667329
857443739391868928
857626867280596993
857885322608234496
858741653259112449
859931501479198720
860206106
861495389756637184
862006951403814912
862277413610369024
862692512523145217
862875206301487104
863158877256339456
86321353
863258127860244480
863705564630720512
864080845249839104
864211066846314497
865634100
866474159014002688
869880561807925248
870888268593741824
871709486267879425
873297689521336320
873833647249534976
874493598603001857
874565079911383041
875092608711897089
875104465078046721
876646617683832832
876902343375245314
877462652158709760
877510214257389568
878088638906728448
879111186322685952
879140570110861312
880222454
880444014813753345
880857319126556672
881429067291131904
883795278
884492546046644225
884931615071363072
885166741961179138
885796609539403776
886715917211541504
887351386924560386
887919613975158785
891335698816663552
892591811075727360
893380339850260480
8935052
893738065344307200
893935392797470724
894760671065153537
895719886072184833
897259648352268289
897741162466947073
897980212817805313
898093974857990144
898499872088879104
898668060520980480
899326591993556994
899454446551171072
900205717629566977
902195382192676865
902731905195548672
905293147
905603101486284800
905640385757642754
906956141816578048
906987025152258048
90747620
908024175721418752
909164608149012480
90958061
910251049973403648
910480801166495744
91127859
911854861511266304
912136620085723137
912162502619942912
912274745831411712
912435168786489349
912516520042831874
912686418035707905
91308604
913563292190302208
91367745
913878488137920513
914183671174844416
914502453957206017
914861598761656320
915504506338545664
916109896994586624
917341214659239936
917512808983654400
918219500813725696
918615734095187968
919603201577574407
919902174175481856
920059854
920946278904639488
92113629
925487677981458432
926432512041279488
926486972238983169
926969926476185600
92734380
928351484282134529
929819582797373440
93278931
932957677793062912
933022591752826882
933228085926752256
933727790423330816
935244078
935482613141331968
936598969
936797410432491520
937282559515545603
937373342318899201
937715613484699648
937941351299084289
939378433
939615742030417920
939619788694966272
941327409189670912
941402402246283265
941594982611341312
942878189721808896
943315285150523393
94343613
944111990288650240
9446502
946821581027786752
947552671468261376
947916622622322688
948132960909348864
948368118203670528
948581548240113665
949211598312353792
949508791153889280
950210840044691456
9507322
951326330527932426
953885732602503168
954051591438561280
954797592747102208
955289710020124672
956036547421360128
957153955062038528
958343030318116864
962219190538199041
963639724261937153
964231047385935874
965135484891680768
965570652404056064
965809161463324673
966917888941506562
968001416
969008727192895494
96997907
970633314
971401388860243970
971742283778289669
972352553097748480
974419373531324418
974719151683129344
974821440636801024
975485486
977013905493913600
977918720071880704
978974777934217217
979759816951435270
980501012174770176
980662587963641856
980849359616118784
981256388109365248
981261944
981592454494334976
981661
983407040
983506961386954752
984632871456395264
984855476
985425300292022273
985614510034694144
986242274957910016
986323467489497088
986418534623268865
987229531890245632
988525380658180097
989353775126151169
990559189
990944831697506304
991768630911295490
991847748025675777
993281298285281280
993945326
995046695212912640
995220546127310855
995521428
99584805
995923281046917121
996350831577284608
997013876368592896
997589331132014593
997589958
998702856797646849
949211598312353792
949508791153889280
950210840044691456
9507322
951326330527932426
953885732602503168
954051591438561280
954797592747102208
955289710020124672
956036547421360128
957153955062038528
958343030318116864
962219190538199041
963639724261937153
964231047385935874
965135484891680768
965570652404056064
965809161463324673
966917888941506562
968001416
969008727192895494
96997907
970633314
971401388860243970
971742283778289669
972352553097748480
974419373531324418
974719151683129344
974821440636801024
975485486
977013905493913600
977918720071880704
978974777934217217
979759816951435270
980501012174770176
980662587963641856
980849359616118784
981256388109365248
981261944
981592454494334976
981661
983407040
983506961386954752
984632871456395264
984855476
985425300292022273
985614510034694144
986242274957910016
986323467489497088
986418534623268865
987229531890245632
988525380658180097
989353775126151169
990559189
990944831697506304
991768630911295490
991847748025675777
993281298285281280
993945326
995046695212912640
995220546127310855
995521428
99584805
995923281046917121
996350831577284608
997013876368592896
997589331132014593
997589958
998702856797646849
949211598312353792
949508791153889280
950210840044691456
9507322
951326330527932426
953885732602503168
954051591438561280
954797592747102208
955289710020124672
956036547421360128
957153955062038528
958343030318116864
962219190538199041
963639724261937153
964231047385935874
965135484891680768
965570652404056064
965809161463324673
966917888941506562
968001416
969008727192895494
1020996815078879232
1033634532988088320
1034317409056768000
1040449103992442880
1052598585240498177
1069987982
1075033919483985920
1082013905726197760
1084928782497128449
1098618592977960961
111405470
112656032
1143727770339565568
1161801975144550403
1162182334130642944
1184432676926902272
1201027770723250177
1209787494365061120
1227190910473121794
1233719494234824704
1243454436363681794
1246705092436221952
1254141768062337024
1034928767628587008
1038177948141010949
1045260583778443265
1047174898110451712
1048344042201915395
1054371020520546306
1069797528068079616
1082696755244871685
1089095782270038018
110504734
1124718230679875584
1130885774344253440
1137100623474765824
1161889825072373760
1174001831644663825
1181492895691558912
1186283017037369344
1189581672569856000
120064985
1201404873104691200
1205698875744509952
1213893661810814977
1214911531768590336
1216033239556612098
1218079262
1220828111924756483
1226398770595758080
1234041431892738049
1238551250708254721
1241697912939298816
1246794645167902721
1249762736499720193
1251965414919286785
1259038248992563200
1259715633874448384
1259743353345900546
1262142481556049920
1263415011629826054
1264796133852942339
1264888857864089600
1265211964273430528
1269638218619785218
1270829845916848129
1271674936709517313
1273579458864300032
1276676961415372801
1277150878026194945
1277335851652046848
1281034080814092288
1282769526917156864
1283637278
1286378071034081282
1288442899491893249
1289079025839878149
1291508654676598790
1300037531602477056
1303179918688346113
1303806827704979457
1304674985806495744
1306131289674637312
130816996
130986469
1311946806373224448
1312681618587430912
1313841576611782656
1315672300872704002
1317493725581299714
1326112674191708161
1327223250255028225
1329897751035961345
1331608597151707145
1334007332276080641
1334609621697392640
1335043318372249600
1335250849359142914
1335957892210548736
1336159977602383876
1337767605545799690
1339960794331660291
1340404918071533569
1343810234691637248
1345058968343879681
1345358463824764928
1346272919043809281
1346954212228227079
1347170329626632194
1348607045256273922
1354065486653358083
1354150370226921473
1354316696077664257
1354378497737641985
1354380567446339586
1354389295931543553
136646388
1395478866
14110157
1485488156
151002354
15359820
1564426376
16220934
16332582
19063323
1933504063
19518833
1958287980
207459607
20953874
2152800231
217034100
2239084536
2256664812
2296493538
23189158
2321430342
2323255855
2332090562
2362662511
2369936232
2374397258
2407966835
2420371110
2463851028
2465329623
2482957970
2494086318
2504640544
2513034440
2518034864
2531320332
255245516
2560196668
2603810149
266163439
26866006
2709236177
2730035993
2742044479
2742221282
2747210465
280645764
2807401697
2823033297
2826522992
28479684
2886466381
28952623
291960353
2923017575
296052876
2960721
300434070
3032745566
30442563
3075396847
3127178495
3171704648
3195347098
3219710323
324270428
3245640384
3258416830
32848713
336721797
3382205421
341658471
343987535
344925576
3449952934
3464966357
3514540333
377253081
37886478
3873362656
3901792456
3932259563
3983980516
40756084
41829156
424038745
4260329614
4315368917
4321119912
435152740
43674047
43873185
449030147
450609008
46156858
4705009724
4744610652
4756654875
475783854
4871439010
4873180775
4880580148
501927693
50840688
517891625
525701732
579938011
5854302
594727957
597280851
61964410
62123942
626672305
707404000770007040
716617294105804800
745954884076244992
753950481332965376
756197
763293790421585921
763751268053573632
770083980003672065
780262921540505600
782289360691531776
787907017
792785876287885312
796883305
799357626
815614036205334528
821054380187287552
822953252
824689077618405376
831606418096738304
835533068
856787682378121217
857408596874756096
866420693789016064
870023264713805830
878243728326094848
879654360736817154
880938673889394689
881908670224846850
882925777431515136
885058438111297540
886236559783211009
892492454397583360
899639911577522181
904668896933838849
914697559209279488
918078051463892993
918200178653519874
920648374906511360
920794021169106951
937704747989176320
941307474
947673375333388290
956358183055900672
957692154637365248
96025233
1268599033171374080
962525368363053056
96394264
969071245663772673
97221189
986361679452631040
988547382
989820415584423936
990615242961960961
991270532254523393
991714635941376000
994583631438921729
991270532254523393
991714635941376000
994583631438921729
1334700238511157248
1353744218552999937
336185643
883187668401520641
1334700238511157248
1353744218552999937
336185643
883187668401520641
1334700238511157248
1353744218552999937
336185643
883187668401520641
1334700238511157248
1353744218552999937
336185643
883187668401520641
1334700238511157248
1353744218552999937
336185643
883187668401520641
1334700238511157248
1353744218552999937
336185643
883187668401520641
1334700238511157248
1353744218552999937
336185643
883187668401520641
1334700238511157248
1353744218552999937
336185643
883187668401520641
1334700238511157248
1353744218552999937
336185643
883187668401520641
1334700238511157248
1353744218552999937
336185643
883187668401520641
1334700238511157248
1353744218552999937
336185643
883187668401520641
1334700238511157248
1353744218552999937
336185643
883187668401520641
1334700238511157248
1353744218552999937
336185643
883187668401520641
1334700238511157248
1008002969722413056
1012087619763822592
1013625846815449091
1014987370062663680
1015798042245513216
1016537617939120128
1016860961599315968
1023619327147343872
1024694295977226242
1032922624890994689
1053992705796247552
1054540611594813442
1060723256460828674
1062520852716158982
1064696378868133888
1069722275342049283
1072650714
1078761800227680256
1090947332999385089
1103153471191166976
1119279255005876224
1123227507631820803
1127108197
1134833239
113964559
1143452409668231168
1144246252634365961
1145465757972570113
1152970551943671808
1154033356994207744
1158902330147921923
1163633159805820928
1165123935995912192
116711104
1180940827641565184
1183906732667486213
1184611718200287233
1188241766
1193308286
120175206
1202634966
1204118133881163777
1204885918496251905
1205142070572339200
1209605190
1217850313056686082
12190922
1223109579048796160
1227053618190311425
1229720365372452864
1230703734876803072
1235833976494800903
1245918675661545472
1249745475382755332
1252705860528345089
1254787980
1257399414941003779
1258553850929090565
1259579486825299970
1266495881341284353
1269386879482421248
1270879149461131264
1270931124051685377
1279881033811398657
1282062186945421313
1291133822361378816
1292061545258786816
1295869776544387074
1296219712054079493
1296848555814969344
1300147385188995072
1305994504185536515
1307693822181244934
1311350436780154882
1314621666446774278
1315042877769162753
1317941205158617090
1320998551942475781
1321346539327905792
132274203
1329546412447686656
1330529288232308738
1330920018272546818
1331075685411131392
1338113270209765378
134032342
1341886517095133188
1342497790350520323
1349043707517882372
1349178775959793667
1351241035284959244
1354466002990489605
14079134
14871516
148736632
157112647
1588611
161944973
163303484
163724532
1639931791
1654301382
171297623
1735245786
175052374
176182477
178238300
18025353
1858091377
188925230
19705861
20665221
209895712
2184758556
21850078
2186568911
2219681352
2234322900
2255844350
22590839
2301055014
2312632112
2355913848
2369421828
23746764
2382501086
250925079
2534423524
2567883715
257931864
259126158
2593453063
2641080542
2687887574
2694435266
2718312776
2775996729
2786157936
281329540
285136698
2891470598
2926169990
29453722
2978910359
2986360784
2995096820
2998242412
3002004492
3041733088
3061056875
310557679
3148866992
31645922
3232108974
3398882200
340127890
3422577076
34388146
345050354
352425126
3555439513
35752684
3579242957
358945257
360233673
361979450
368115076
3719448567
37273034
37295797
379346276
3820250555
384645524
385450171
3876755175
389100527
391782714
39334284
39669896
403837992
41029385
4115945296
4161891556
417975875
429262885
43909945
44323191
44793846
454340464
45457465
473611109
4763547312
4790637094
4846690164
484827229
4870891594
50282586
516262684
570237479
57957684
587680091
590855859
59392337
600343124
602181628
606781800
62764316
699981330654871552
721081780623826944
721723376364957696
74660443
756302
757250499787751424
758397535262220289
77917237
783887816715595776
793445469376708608
796992238442029056
800975315413540865
828366980805754880
83980148
842881692935233536
84920599
8500962
850841341038915585
851231960890527746
85362757
855532210757173248
86744239
868759275367256065
880621518744469504
886774260122955780
891335088830423040
892030040929599488
905169252767936512
929492667276201984
931605362
952245435963359232
971884997421551622
973802296579624961
974189726201778177
974351665955594240
97530230
981270663804551168
990629404026929157
991094693793583105
1004742187
100582704
1006887241967390722
1010248556869967873
1011233414924652544
1013255930941788160
1017282085596299264
1020064966857187329
1020962530351407104
1021856892648337409
1024826757587890177
1026147945157091329
1031589620398604288
1032636549530185728
1037643654561579008
1040380013021982720
1045418084
1045989031
1047513541194862592
1049735009991622656
1051915718164398080
1052895231664902144
1054993704925179904
1056202821769613312
1057277781573296128
1061269805410516992
1061689603256594432
1069739978492665859
1073789409152114688
1078374204
1080949386673307653
1082349279765778436
1082394580069351426
1099331064420540417
1100189847602503682
1101707578701164544
1110905910577295360
1111472696544690177
1119773113447788544
1121945139918798849
1122443542645727233
1125156626808344576
1129604450576941058
1131320498770595840
1142156788642525185
1143644303190888449
1144336567839920130
1147593092909928449
1147653080353300480
1148235785671499783
1158462733
1165325767904878592
1166358812573523969
1169697568500191232
1171911505413103616
1173054627945668609
1173562589395206146
1175195930691174400
1175881009604153345
1178732618159972352
1180917624861052928
118571607
1186331244
1194160183
1196823432136187908
1201614891280416769
1207449651424612354
1208503877621956609
1210085616
1215873281015808000
1220936982492274688
1221170276995649539
1221844812141223938
1222220373892136960
1223613268561989632
1224974120628228096
1228610076073693186
1230730801056112640
1231971227704659968
1233923696424816641
1235032138279419904
1236791709960470537
1243957476061581312
1244377046740013057
1244488200321720322
1247734160757796869
1247945722743447555
124936128
1249437227303587840
1250256030979608576
1253146460
1254480133496266752
1255502522527162371
1255892670129602561
1257675917419298818
1257694486643322880
1259707494080802816
1260121468035309568
1261035597931708417
1261466855874670593
1263156704461508613
1265010657784737792
1268272071215394824
1269294355665256449
1269612242783424512
127416052
1274383849070317569
1274468536451321857
1276472642468446209
1277261548935884802
1278952749800009728
1279570418643480577
1279995394584383490
1280607635163799552
1281608611379191809
128362750
1286815064725417985
1289222193210109952
1289352126829940736
1290165858300551169
1293751372534480896
129508554
1295971695698690049
1297854346378477568
1298045551603195904
1302345120403120128
1307373098593849345
1310392566983135232
1310994548277915648
1312797644520148994
1313870866925715456
1322168744748208128
1322600965057482753
1325875860751126536
1325939323
1330550564564971522
1331200887180709893
1334939605712322560
1336377910077382657
1337261498293489664
1337504914298208257
1340765440881123331
1342247240413437960
1342916610189832192
1346553888539742208
1346854578596286465
1346867889014452228
1347551003206426624
1347689364067930113
1347942110700462081
1347947512762609671
1349731035316060161
1351606564533248006
1353460552228597760
1353735781102313472
1363299206
137804472
142113073
14239041
14337966
14508851
14580844
14789070
1479997092
1491931008
1495212474
150361594
155090595
15913837
160889344
1627785937
16290599
16632329
16736535
1683530196
16886639
171704594
181232191
183968677
18847857
19285268
197856195
19800452
20014516
20396481
20466483
20957979
210125009
2164060742
21692163
2172288098
2182660472
2194730089
2208888608
2209651395
222943236
2248228501
229207886
2294868552
2295757322
23404225
2342067421
237841486
2392635193
240954450
242591292
242906748
243898214
244438784
24484052
2469862044
24822928
25123743
25159112
254053244
25504203
2569440957
25797802
25815025
25964094
2596763417
2614321550
266206717
2665469559
268514325
2698790953
2704452514
270466556
2705461592
270572999
2711959018
272741965
2730414283
2744811807
274518631
2780924462
278141481
2796289970
279709282
282227640
2832415752
2847511385
2853966779
2860554967
2868295933
2875311197
287933693
2882839193
2882910507
290223560
2911939357
2961535509
296604522
2989990313
2990607747
3033265182
315998405
32124032
3221001289
3224403198
3241476467
3251819342
3252594282
3277719888
3286737667
3299626527
3303130127
3308464923
3315909714
3317455751
333079972
33467186
3359059425
3361817105
3369886348
338184479
3386482883
3398874974
34260638
3483919032
353432348
3598926616
3655561452
37207837
373543220
381795805
3835000174
3844208739
389022736
3917623711
395645929
398070204
398391103
39968020
402622132
40340716
420448038
4207113792
42622638
427422844
427472345
431252377
43233430
4420126168
44274672
44733519
4588608737
46772148
4712071932
474595148
4779904975
486693182
48903480
50638817
513051520
526184989
537643435
544698376
565415293
576279038
58392589
587113313
59953030
600231969
60642052
626202287
64225637
706411916835557376
706678253285679104
70936185
70979447
710478870236045312
714091895102771200
714657186543173632
721442953
722495312657448960
723240547297710080
723873709392584704
726913455786090496
733950362101616640
737124004121694209
742531753269678080
74329344
755126797755359232
761565131646140416
765960661331574788
768945
772762807834120192
77746849
784274642030649348
78529310
7861312
790022324
792169844686721024
798288870823456768
805437066372710400
807734525245739008
808955443468898304
815357977007898624
815456574919602176
822326783882117120
824666199720128512
829796055344517120
830071942459822080
836406638382891008
841670443924881408
84224765
846046072954929157
846784758327775232
851411026616647680
853280126020268032
854695566378491904
856296062499291136
858907471
858944743077752832
860373421909090305
861905520336228352
862328558168883200
865004396681207809
867050783640092672
87037369
87238521
87251327
873328481513426945
877703060704907267
881167142716047360
883430298
883900254
88555333
888506509306601473
889445305862705152
889455080
891342279079849984
891736103325138947
89854040
898846408316473344
902663026980958209
90503834
907297365782134784
907663234358022144
908998344915148800
909427160422678530
911015388
911209484
912838855153405952
913585658
919611038135238656
922288542285484032
922823865885253632
934160455291023362
937805431
938095756875005953
938367571585269760
943529062856822784
946893922797801472
950610722534445056
956672871820152833
957668014874288129
959032026535006208
963850929404596224
96911553
972544623037091840
97368840
97742849
987797818214682626
990926727286321153
994218619
994858760911970304
995282861258309633
997119076089716738
1047513541194862592
1049735009991622656
1051915718164398080
1052895231664902144
1054993704925179904
1056202821769613312
1057277781573296128
1061269805410516992
1061689603256594432
1069739978492665859
1073789409152114688
1078374204
1080949386673307653
1082349279765778436
1082394580069351426
1099331064420540417
1100189847602503682
1101707578701164544
1110905910577295360
1111472696544690177
1119773113447788544
1121945139918798849
1122443542645727233
1125156626808344576
1129604450576941058
1131320498770595840
1142156788642525185
1143644303190888449
1144336567839920130
1147593092909928449
1147653080353300480
1148235785671499783
1158462733
1165325767904878592
1166358812573523969
1169697568500191232
1171911505413103616
1173054627945668609
1173562589395206146
1175195930691174400
1175881009604153345
1178732618159972352
1180917624861052928
118571607
1186331244
1194160183
1196823432136187908
1201614891280416769
1207449651424612354
1208503877621956609
1210085616
1215873281015808000
1220936982492274688
1221170276995649539
1221844812141223938
1222220373892136960
1223613268561989632
1224974120628228096
1228610076073693186
1230730801056112640
1231971227704659968
1233923696424816641
1235032138279419904
1236791709960470537
1243957476061581312
1244377046740013057
1244488200321720322
1247734160757796869
1247945722743447555
124936128
1249437227303587840
1250256030979608576
1253146460
1254480133496266752
1255502522527162371
1255892670129602561
1257675917419298818
1257694486643322880
1259707494080802816
1260121468035309568
1261035597931708417
1261466855874670593
1263156704461508613
1265010657784737792
1268272071215394824
1269294355665256449
1269612242783424512
127416052
1274383849070317569
1274468536451321857
1276472642468446209
1277261548935884802
1278952749800009728
1279570418643480577
1279995394584383490
1280607635163799552
1281608611379191809
128362750
1286815064725417985
1289222193210109952
1289352126829940736
1290165858300551169
1293751372534480896
129508554
1295971695698690049
1297854346378477568
1298045551603195904
1302345120403120128
1307373098593849345
1310392566983135232
1310994548277915648
1312797644520148994
1313870866925715456
1322168744748208128
1322600965057482753
1325875860751126536
1325939323
1330550564564971522
1331200887180709893
1334939605712322560
1336377910077382657
1337261498293489664
1337504914298208257
1340765440881123331
1342247240413437960
1342916610189832192
1346553888539742208
1346854578596286465
1346867889014452228
1347551003206426624
1347689364067930113
1347942110700462081
1347947512762609671
1349731035316060161
1351606564533248006
1353460552228597760
1353735781102313472
1363299206
137804472
142113073
14239041
14337966
14508851
14580844
14789070
1479997092
1491931008
1495212474
150361594
155090595
15913837
160889344
1627785937
16290599
16632329
16736535
1683530196
16886639
171704594
181232191
183968677
18847857
19285268
197856195
19800452
20014516
20396481
20466483
20957979
210125009
2164060742
21692163
2172288098
2182660472
2194730089
2208888608
2209651395
222943236
2248228501
229207886
2294868552
2295757322
23404225
2342067421
237841486
2392635193
240954450
242591292
242906748
243898214
244438784
24484052
2469862044
24822928
25123743
25159112
254053244
25504203
2569440957
25797802
25815025
25964094
2596763417
2614321550
266206717
2665469559
268514325
2698790953
2704452514
270466556
2705461592
270572999
2711959018
272741965
2730414283
2744811807
274518631
2780924462
278141481
2796289970
279709282
282227640
2832415752
2847511385
2853966779
2860554967
2868295933
2875311197
287933693
2882839193
2882910507
290223560
2911939357
2961535509
296604522
2989990313
2990607747
3033265182
315998405
32124032
3221001289
3224403198
3241476467
3251819342
3252594282
3277719888
3286737667
3299626527
3303130127
3308464923
3315909714
3317455751
333079972
33467186
3359059425
3361817105
3369886348
338184479
3386482883
3398874974
34260638
3483919032
353432348
3598926616
3655561452
37207837
373543220
381795805
3835000174
3844208739
389022736
3917623711
395645929
398070204
398391103
39968020
402622132
40340716
420448038
4207113792
42622638
427422844
427472345
431252377
43233430
4420126168
44274672
44733519
4588608737
46772148
4712071932
474595148
4779904975
486693182
48903480
50638817
513051520
526184989
537643435
544698376
565415293
576279038
58392589
587113313
59953030
600231969
60642052
626202287
64225637
706411916835557376
706678253285679104
70936185
70979447
710478870236045312
714091895102771200
714657186543173632
721442953
722495312657448960
723240547297710080
723873709392584704
726913455786090496
733950362101616640
737124004121694209
742531753269678080
74329344
755126797755359232
761565131646140416
765960661331574788
768945
772762807834120192
77746849
784274642030649348
78529310
7861312
790022324
792169844686721024
798288870823456768
805437066372710400
807734525245739008
808955443468898304
815357977007898624
815456574919602176
822326783882117120
824666199720128512
829796055344517120
830071942459822080
836406638382891008
841670443924881408
84224765
846046072954929157
846784758327775232
851411026616647680
853280126020268032
854695566378491904
856296062499291136
858907471
858944743077752832
860373421909090305
861905520336228352
862328558168883200
865004396681207809
867050783640092672
87037369
87238521
87251327
873328481513426945
877703060704907267
881167142716047360
883430298
883900254
88555333
888506509306601473
889445305862705152
889455080
891342279079849984
891736103325138947
89854040
898846408316473344
902663026980958209
90503834
907297365782134784
907663234358022144
908998344915148800
909427160422678530
911015388
911209484
912838855153405952
913585658
919611038135238656
922288542285484032
922823865885253632
934160455291023362
937805431
938095756875005953
938367571585269760
943529062856822784
946893922797801472
950610722534445056
956672871820152833
957668014874288129
959032026535006208
963850929404596224
96911553
972544623037091840
97368840
97742849
987797818214682626
990926727286321153
994218619
994858760911970304
995282861258309633
997119076089716738
1047513541194862592
1049735009991622656
1051915718164398080
1052895231664902144
1054993704925179904
1056202821769613312
1057277781573296128
1061269805410516992
1061689603256594432
1069739978492665859
1073789409152114688
1078374204
1080949386673307653
1082349279765778436
1082394580069351426
1099331064420540417
1100189847602503682
1101707578701164544
1110905910577295360
1111472696544690177
1119773113447788544
1121945139918798849
1122443542645727233
1125156626808344576
1129604450576941058
1131320498770595840
1142156788642525185
1143644303190888449
1144336567839920130
1147593092909928449
1147653080353300480
1148235785671499783
1158462733
1165325767904878592
1166358812573523969
1169697568500191232
1171911505413103616
1173054627945668609
1173562589395206146
1175195930691174400
1175881009604153345
1178732618159972352
1180917624861052928
118571607
1186331244
1194160183
1196823432136187908
1201614891280416769
1207449651424612354
1208503877621956609
1210085616
1215873281015808000
1220936982492274688
1221170276995649539
1221844812141223938
1222220373892136960
1223613268561989632
1224974120628228096
1228610076073693186
1230730801056112640
1231971227704659968
1233923696424816641
1235032138279419904
1236791709960470537
1243957476061581312
1244377046740013057
1244488200321720322
1247734160757796869
1247945722743447555
124936128
1249437227303587840
1250256030979608576
1253146460
1254480133496266752
1255502522527162371
1255892670129602561
1257675917419298818
1257694486643322880
1259707494080802816
1260121468035309568
1261035597931708417
1261466855874670593
1263156704461508613
1265010657784737792
1268272071215394824
1269294355665256449
1269612242783424512
127416052
1274383849070317569
1274468536451321857
1276472642468446209
1277261548935884802
1278952749800009728
1279570418643480577
1279995394584383490
1280607635163799552
1281608611379191809
128362750
1286815064725417985
1289222193210109952
1289352126829940736
1290165858300551169
1293751372534480896
129508554
1295971695698690049
1297854346378477568
1298045551603195904
1302345120403120128
1307373098593849345
1310392566983135232
1310994548277915648
1312797644520148994
1313870866925715456
1322168744748208128
1322600965057482753
1325875860751126536
1325939323
1330550564564971522
1331200887180709893
1334939605712322560
1336377910077382657
1337261498293489664
1337504914298208257
1340765440881123331
1342247240413437960
1342916610189832192
1346553888539742208
1346854578596286465
1346867889014452228
1347551003206426624
1347689364067930113
1347942110700462081
1347947512762609671
1349731035316060161
1351606564533248006
1353460552228597760
1353735781102313472
1363299206
137804472
142113073
14239041
14337966
14508851
14580844
14789070
1479997092
1491931008
1495212474
150361594
155090595
15913837
160889344
1627785937
16290599
16632329
16736535
1683530196
16886639
171704594
181232191
183968677
18847857
19285268
197856195
19800452
20014516
20396481
20466483
20957979
210125009
2164060742
21692163
2172288098
2182660472
2194730089
2208888608
2209651395
222943236
2248228501
229207886
2294868552
2295757322
23404225
2342067421
237841486
2392635193
240954450
242591292
242906748
243898214
244438784
24484052
2469862044
24822928
25123743
25159112
254053244
25504203
2569440957
25797802
25815025
25964094
2596763417
2614321550
266206717
2665469559
268514325
2698790953
2704452514
270466556
2705461592
270572999
2711959018
272741965
2730414283
2744811807
274518631
2780924462
278141481
2796289970
279709282
282227640
2832415752
2847511385
2853966779
2860554967
2868295933
2875311197
287933693
2882839193
2882910507
290223560
2911939357
2961535509
296604522
2989990313
2990607747
3033265182
315998405
32124032
3221001289
3224403198
3241476467
3251819342
3252594282
3277719888
3286737667
3299626527
3303130127
3308464923
3315909714
3317455751
333079972
33467186
3359059425
3361817105
3369886348
338184479
3386482883
3398874974
34260638
3483919032
353432348
3598926616
3655561452
37207837
373543220
381795805
3835000174
3844208739
389022736
3917623711
395645929
398070204
398391103
39968020
402622132
40340716
420448038
4207113792
42622638
427422844
427472345
431252377
43233430
4420126168
44274672
44733519
4588608737
46772148
4712071932
474595148
4779904975
486693182
48903480
50638817
513051520
526184989
537643435
544698376
565415293
576279038
58392589
587113313
59953030
600231969
60642052
626202287
64225637
706411916835557376
706678253285679104
70936185
70979447
710478870236045312
714091895102771200
714657186543173632
721442953
722495312657448960
723240547297710080
723873709392584704
726913455786090496
733950362101616640
737124004121694209
742531753269678080
74329344
755126797755359232
761565131646140416
765960661331574788
768945
772762807834120192
77746849
784274642030649348
78529310
7861312
790022324
792169844686721024
798288870823456768
805437066372710400
807734525245739008
808955443468898304
815357977007898624
815456574919602176
822326783882117120
824666199720128512
829796055344517120
830071942459822080
836406638382891008
841670443924881408
84224765
846046072954929157
846784758327775232
851411026616647680
853280126020268032
854695566378491904
856296062499291136
858907471
858944743077752832
860373421909090305
861905520336228352
862328558168883200
865004396681207809
867050783640092672
87037369
87238521
87251327
873328481513426945
877703060704907267
881167142716047360
883430298
883900254
88555333
888506509306601473
889445305862705152
889455080
891342279079849984
891736103325138947
89854040
898846408316473344
902663026980958209
90503834
907297365782134784
907663234358022144
908998344915148800
909427160422678530
911015388
911209484
912838855153405952
913585658
919611038135238656
922288542285484032
922823865885253632
934160455291023362
937805431
938095756875005953
938367571585269760
943529062856822784
946893922797801472
950610722534445056
956672871820152833
957668014874288129
959032026535006208
963850929404596224
96911553
972544623037091840
97368840
97742849
987797818214682626
990926727286321153
994218619
994858760911970304
995282861258309633
997119076089716738
1047513541194862592
1049735009991622656
1051915718164398080
1052895231664902144
1054993704925179904
1056202821769613312
1057277781573296128
1061269805410516992
1061689603256594432
1069739978492665859
1073789409152114688
1078374204
1080949386673307653
1082349279765778436
1082394580069351426
1099331064420540417
1100189847602503682
1101707578701164544
1110905910577295360
1111472696544690177
1119773113447788544
1121945139918798849
1122443542645727233
1125156626808344576
1129604450576941058
1131320498770595840
1142156788642525185
1143644303190888449
1144336567839920130
1147593092909928449
1147653080353300480
1148235785671499783
1158462733
1165325767904878592
1166358812573523969
1169697568500191232
1171911505413103616
1173054627945668609
1173562589395206146
1175195930691174400
1175881009604153345
1178732618159972352
1180917624861052928
118571607
1186331244
1194160183
1196823432136187908
1201614891280416769
1207449651424612354
1208503877621956609
1210085616
1215873281015808000
1220936982492274688
1221170276995649539
1221844812141223938
1222220373892136960
1223613268561989632
1224974120628228096
1228610076073693186
1230730801056112640
1231971227704659968
1233923696424816641
1235032138279419904
1236791709960470537
1243957476061581312
1244377046740013057
1244488200321720322
1247734160757796869
1247945722743447555
124936128
1249437227303587840
1250256030979608576
1253146460
1254480133496266752
1255502522527162371
1255892670129602561
1257675917419298818
1257694486643322880
1259707494080802816
1260121468035309568
1261035597931708417
1261466855874670593
1263156704461508613
1265010657784737792
1268272071215394824
1269294355665256449
1269612242783424512
127416052
1274383849070317569
1274468536451321857
1276472642468446209
1277261548935884802
1278952749800009728
1279570418643480577
1279995394584383490
1280607635163799552
1281608611379191809
128362750
1286815064725417985
1289222193210109952
1289352126829940736
1290165858300551169
1293751372534480896
129508554
1295971695698690049
1297854346378477568
1298045551603195904
1302345120403120128
1307373098593849345
1310392566983135232
1310994548277915648
1312797644520148994
1313870866925715456
1322168744748208128
1322600965057482753
1325875860751126536
1325939323
1330550564564971522
1331200887180709893
1334939605712322560
1336377910077382657
1337261498293489664
1337504914298208257
1340765440881123331
1342247240413437960
1342916610189832192
1346553888539742208
1346854578596286465
1346867889014452228
1347551003206426624
1347689364067930113
1347942110700462081
1347947512762609671
1349731035316060161
1351606564533248006
1353460552228597760
1353735781102313472
1363299206
137804472
142113073
14239041
14337966
14508851
14580844
14789070
1479997092
1491931008
1495212474
150361594
155090595
15913837
160889344
1627785937
16290599
16632329
16736535
1683530196
16886639
171704594
181232191
183968677
18847857
19285268
197856195
19800452
20014516
20396481
20466483
20957979
210125009
2164060742
21692163
2172288098
2182660472
2194730089
2208888608
2209651395
222943236
2248228501
229207886
2294868552
2295757322
23404225
2342067421
237841486
2392635193
240954450
242591292
242906748
243898214
244438784
24484052
2469862044
24822928
25123743
25159112
254053244
25504203
2569440957
25797802
25815025
25964094
2596763417
2614321550
266206717
2665469559
268514325
2698790953
2704452514
270466556
2705461592
270572999
2711959018
272741965
2730414283
2744811807
274518631
2780924462
278141481
2796289970
279709282
282227640
2832415752
2847511385
2853966779
2860554967
2868295933
2875311197
287933693
2882839193
2882910507
290223560
2911939357
2961535509
296604522
2989990313
2990607747
3033265182
315998405
32124032
3221001289
3224403198
3241476467
3251819342
3252594282
3277719888
3286737667
3299626527
3303130127
3308464923
3315909714
3317455751
333079972
33467186
3359059425
3361817105
3369886348
338184479
3386482883
3398874974
34260638
3483919032
353432348
3598926616
3655561452
37207837
373543220
381795805
3835000174
3844208739
389022736
3917623711
395645929
398070204
398391103
39968020
402622132
40340716
420448038
4207113792
42622638
427422844
427472345
431252377
43233430
4420126168
44274672
44733519
4588608737
46772148
4712071932
474595148
4779904975
486693182
48903480
50638817
513051520
526184989
537643435
544698376
565415293
576279038
58392589
587113313
59953030
600231969
60642052
626202287
64225637
706411916835557376
706678253285679104
70936185
70979447
710478870236045312
714091895102771200
714657186543173632
721442953
722495312657448960
723240547297710080
723873709392584704
726913455786090496
733950362101616640
737124004121694209
742531753269678080
74329344
755126797755359232
761565131646140416
765960661331574788
768945
772762807834120192
77746849
784274642030649348
78529310
7861312
790022324
792169844686721024
798288870823456768
805437066372710400
807734525245739008
808955443468898304
815357977007898624
815456574919602176
822326783882117120
824666199720128512
829796055344517120
830071942459822080
1008363230677426176
1022144640768716802
1039178976302981121
1043046891192233984
1047616678274764800
1079544093443833856
1083012365887700992
1090107026947026944
1101691981724557313
1101997717767761921
1115333665486254080
112533120
1132334839531745280
1135199711600742400
1139125982709866499
116817969
1184262972702711809
1208072119143346179
1213922908629696513
1214693644336168960
1216328693389365248
1250836126350348294
1254774899387756544
1258460778660868096
1264545692858691585
1279187118594670592
1286735569
129720684
1300879380365803520
1315793097947668480
1318302336746479619
1328188853618946048
134218633
1346547710451544064
1354351842075897861
1409346086
14882930
153155985
1548408811
16317420
1701745184
1705809176
177245811
18271972
2165272657
22989290
23740339
2481502146
2498885336
2565979406
2612705690
265107896
2874872360
288427435
2951160687
303317629
311091070
3270330139
3395039218
3427482706
3859153815
40330459
4277267908
451190870
46460149
541346355
803310749644820482
808590632709189633
8315692
86640918
879874524702941184
887098258069241857
910543162850119681
923592910779633664
939278599
95575586
1008363230677426176
1022144640768716802
1039178976302981121
1043046891192233984
1047616678274764800
1079544093443833856
1083012365887700992
1090107026947026944
1101691981724557313
1101997717767761921
1115333665486254080
112533120
1132334839531745280
1135199711600742400
1139125982709866499
116817969
1184262972702711809
1208072119143346179
1213922908629696513
1214693644336168960
1216328693389365248
1250836126350348294
1254774899387756544
1258460778660868096
1264545692858691585
1279187118594670592
1286735569
129720684
1300879380365803520
1315793097947668480
1318302336746479619
1328188853618946048
134218633
1346547710451544064
1354351842075897861
1409346086
14882930
153155985
1548408811
1012107639084335105
1012233816889409536
101524268
1015761221860167680
101605326
1021671491509805056
1025701186035277824
1028331293396881409
1029598626060922881
1029795322728472581
103535195
1039669415086841857
1044365953696497664
1044411878737432576
1044773252181184512
1045480919560323072
1046054864965566464
1046423225549361153
1047456927049895936
1047653355814830082
1049294338516295680
1050767571710959619
1059109172120305667
1061010587096924162
1061158599878209536
1061632658231513094
1062705080
1064163423083249665
1064494826983436288
1065051535569244160
106744625
1069824573930135553
1070441439337709568
1072307612501168128
1072579871153537024
1073591817034190850
1078265564
1080174523935346690
1087460432703512577
1089976914528387072
1090013643666833410
1098334059636363285
1098551277921824768
1101910518292373505
1102792123
1105069466235400192
1106300457427832840
1109246670586462208
1110416144
1113127388152336384
1116052801
1116348105237172226
1119632901547675648
112591678
1132332558832873472
1135541815392833537
1145040614389686272
1157467491074891777
1158150579421663233
1161773500736180225
1172247189365690372
1173799324091932673
1178152228655206400
1178420936145539073
1180549718985891841
1187354798137454593
1190198779414241280
1192596611605643265
1203765365614030850
1204228352548188163
1204871655400628224
1206139768788135936
121490707
1217786887336841216
1228652462954942464
1229035616475713537
1229446323646140418
1229448938043740160
1230582290356547586
1236995694
1237329983867179018
1239966207647707137
1004134709297704960
100648202
1010577194408701952
1026783943
10328632
103341059
1040223883801096192
1050731795593998336
1053953498
1066936388
1069686876557197312
1077783901500653568
1082908283072061440
1084436292421799938
1087897898417831936
1092586097199132672
1097700312087965697
1100096362857857025
1106327023541252096
1106605578166640640
1113404167480070144
1118344293641535490
1122600109362040832
1133613018594414592
1135686648614625280
1136120872157220866
1145353525
1151276011755134979
1155133087447244801
1159868537965559808
1161038502420721664
1163177908984152064
1165687327810715648
1168235075374321664
1174208397706702848
1174651481426923520
1177984831776534530
1191118433607225344
1192040510988402688
1194659001205739520
1194711737460830209
1196898367995023360
1205221510593630208
1208656972070998016
1210406595965915138
1211904553
1000111132684767232
1000276682010386435
1002578283769126914
1003335087050641408
1003712578076307459
1011261112732585984
101204321
1013154684238946304
1014374918123712513
1016169898312159233
1016600326831517696
1025720120528777217
1026359011283689472
1026611519419817985
1031226696
1033601789944160256
1035012191433322496
1036091714908434433
1037128805897269248
103882308
1041066270764851200
1043514701039251456
1045025372201463809
10454142
1049670975233687553
1052429104589357056
1053247241618685953
1054773642553384971
1055089974662451200
1060626866
1061685781423505408
1061769469
1064276411354148864
1069474648734093313
1072054103210106880
1078176904501493760
1084143037738110977
1084513267358355458
1085868047267549189
1086092174385709061
1086763654417047552
1089505817697636352
1092944168035459072
1104180252
1105067858579652611
1000113703851905025
1005881466
1032609124763090945
1038115518790684676
1042433433123860483
1042691054
1043446721987203074
1043584902539620352
1044487032087621632
1063192047312666624
1066434534760218624
106813857
1070145176604037120
1092460187879915521
1093723064926236672
1099424340263780352
1099732916
1101687321844281344
1107674063277826048
1110161172710522880
1111027088037953537
1112320826370654209
1113604237890449408
1118864429045698560
1120391396068921348
1121445279780048896
1123381682
1124076637522280448
1133441199388463104
1133590280416792577
1134259415211683840
113599070
1139257779053637632
1142231645610627072
1143064788408209408
1146202255059750913
1149759758
1150522806918160384
1152780181
1153582741985751041
1154068998495117312
1156190508332589056
1158223483459035136
1159470655676538881
1166506213
1168046932264013825
1175564486549229568
1181092358198161408
1182555401478463488
1182992324214657025
1183664342375510016
1183722234399150080
118607021
118718023
1189124489436520453
1190112197722157058
1192780903858216960
1193688849723117569
1194596767788150785
1196870694526570496
1196940252
1199477646
1202079345239609344
1202774447326818304
1205719409131692034
1206977267752226817
1207598928578760704
1207878331175251968
1208706215783612416
1211377931525640192
1211976255651737600
1212240117257011200
1214019141356548096
1214248387563806720
1214408518914187264
1214751701875314688
1219317815045390337
1220844450446041089
1220959224890642432
1221023615388352513
1223209700440842240
1224046179698323456
1225406787165310976
1226742558862258176
1226985273638215681
122733166
1228007506233917440
1228689892563025921
1228962684009402368
1229140656444116998
1232067736630702081
1232435931971543040
1234768423999229952
1234834915734233089
1234859887508803588
1235907939921285120
1237001049195655168
1240113460110929920
1240928033722204160
1241093120760184838
124116719
1241435687624355842
1242506404763774981
1244362492861702145
1244802760345821184
1245315324939063297
1245669139756109824
1245914143661539329
1246510142104965120
1248135540194652161
1248739711
1248904623634542592
1249143153929719814
1250147367208157189
1251464591336497160
1251712866098372608
1253277655639752704
1253934185456308225
125402457
1254076029691363330
1254703837
1255212910156173313
1256774391733649411
1258767729231892483
1260774469926256642
1261076954301644800
1261540294337728513
126258084
1262637844172079104
1262865038152470528
1263663977806000129
1263837774987264001
1266189731793997825
1266653652997070848
126668391
126679835
1267551401233825794
1267960099642970117
1267997083807539200
1268069908308348928
1268573552996945928
1269055107376672768
1269104049284018178
1269353249301082117
1269797847987298307
1270298624489070594
1271445823
1272228150748098560
1272301250772709376
1274644016361955328
1275607577485873152
127944836
1279527253735624704
1279734100526415874
127983281
1281095900182597635
1281428197230415872
1282346847470747649
1283345280277061632
1283397756963479552
1284298819719618560
1284798852198027264
1284986754567680001
1288663847604293633
1288831413224198145
1289536246889553921
1289821001321046017
1289835746
1290035113506504705
1290794795980513280
1292516967451185154
1293139970622992384
1293635913340334080
1294030902398529536
1294749498711842816
1295001635626909696
1295604112600555520
1295706687328923649
1295731208840777728
1296917768806301696
1297716424052543489
1298785988370554881
1299322325033201666
1299347665742901251
1299723671775436813
1300491629489389568
1300888403274330119
1301779331941912577
1303227652745162752
1305695330038697990
130609317
1306664538788556800
1308220491497222144
1308423122341842945
1309122361271222276
1309487719857508353
1310427301784379392
131120888
1311304669
1312130142093946881
1312603904220164098
1313189320543670272
1314443749653712899
1315391123662106624
1315469400250736641
1316021780868296708
1316839019922313216
1316886147352715265
1317176651873210369
1317320433490747392
1317377496984260608
1317489487820120064
1318200321890549765
1319301232016740352
1321541244099588096
1322232169167728643
1322368006253551622
1322820835724435458
1323340720342736897
1324392776738377729
1326578118803550210
132740814
1328134414253998081
13298072
1330469464836616195
1330757579358810112
1332226708318023681
1333241168356921344
1333484797004541954
1333509840
1336149466550738944
1336161127143677952
1336357832074141699
1337246328708083726
1337369257
1337434233141391363
1338709267038294017
1338730908485111808
1340306259912830977
1340323801591066624
1341081194834882561
1341634112340287489
1341910745693507584
1342187396469829634
1342216189460717568
1342667056529907713
1342997132647804929
1343296068340109313
1343340280934772738
1343642349826662400
134421450
1344334531902509059
1344773351680724992
1345815563906338817
1346462593041494017
1346949596552048644
1347664562921873419
1349095877172985856
1349185344898441217
1349484730350186497
1349539119899279364
1349852822058258433
1350265708182200323
1351252095782039555
1351283670406062090
135136733
1351397305031786498
1351440227999641600
1351818017886400512
1351951526290309122
1351983222284959745
1351993331836989442
1352689627979796480
1353963129093279744
1353983978395504640
1354123978932166657
1354211769648959488
1354238278665437187
1354591549934469126
1356744224
1367431808
136807968
1374059611
138430057
138823701
1398514332
1402839050
1405663116
14103834
141672797
14254757
14351541
1442106463
144343955
1448355846
14490077
14527778
1466212950
14788198
148524608
1486989769
14893200
1489581
1491026761
1492799660
1494016286
1497738242
15040159
15061869
15135697
1519352965
1523827838
15327592
15429417
1545388435
154545301
1554641664
156485749
1565129851
1575912229
15856896
15871018
159156734
161046684
161638211
161675886
161998497
1634818657
1639337976
164045616
164909040
1654043166
1662692593
16645918
166838487
1670659998
167930559
16846036
1686377550
1688357125
170137968
170149598
17106029
17224934
172514296
17264476
173259830
17388456
173922697
174275751
174740372
175488587
175835979
17798125
178534331
179124947
180188394
180237277
181153384
183097245
18344654
18633743
18699026
18767022
1887048324
1893558997
18963601
19077017
19111190
19137889
192016371
19380775
19525652
1957125536
1960284054
19720954
198126578
19897942
19943817
20010763
200901876
203103993
205130283
20731304
20773960
209760333
212452003
2148007165
2149677323
21604764
2161673526
216616695
217120061
21736679
2183608813
218812313
2189928366
219048548
219518419
2206204956
220622700
2226281376
2238275498
22386062
224083158
2241568963
225581594
225779251
2262164636
226280307
226741901
2270694806
2273355518
2277794712
227916081
2310328062
23109195
2316235212
231755275
2329340000
233133788
2336222420
2336685684
2356364449
235741216
235756211
235776743
2361308361
236339779
2367502618
236975667
2371847390
2375758393
23781845
238496400
238600135
2387148704
2389769619
2395740115
2397301633
2408479371
241400860
2415491964
2417457631
2423727560
24237897
243290834
2439585082
2445529628
2446622069
245360721
2456481
246098522
2462931169
247135557
2478089017
247929374
2488480758
2488542528
2504282444
2509431384
2511524286
2513746321
2522524999
25274516
2530271064
253224884
2545361996
2556141180
256371301
2567904974
25733903
2579779548
2585108090
2587765819
2594677226
259577803
259734564
2598358549
2612442062
26175426
26244407
263444145
26366004
264145596
264839455
264899857
265576203
2657525693
26581202
2661682980
2661721280
266425248
2667175280
26675838
2673578216
2673873422
267872231
2686782812
2687032878
269449509
2696478786
2707161451
2718053627
272913263
274694219
2750114049
2752157661
277116241
2779878143
2785993288
2786286602
278776463
278894103
2789451130
2795482142
2808859969
2810614085
28198653
282102636
2825293177
283229069
2834114661
2835410498
2846627071
284896358
28529204
285651100
28762889
28877898
290134317
1000755367251464194
1000767624907706368
1001079159601295360
1001807319783628800
1005830402
1007535746
1008064602071060482
1019704759715065856
1021670925056598016
1024223496497446912
1026142657834311680
1029056043349942274
1032945248903876608
1040007823374123008
1047917832107962368
1052163753037455360
1056181932130795520
1056945876009136129
1059888623229767682
1059909276712484864
1060222959644762112
1061654037152460800
1063175690764369921
1063454896203149313
1067513658857725954
1068204369756200963
1068251488269545472
1068816368336805888
1069847000424665088
1069917659259535360
1071738305178423297
1073428116515811329
1077093984
1079672743807733760
1080012746660503552
1080493323868127233
1081180345909751808
1081494686995496960
1082696167245283328
1083008922540273665
1083721072522870788
1087759814
1098754046175989765
1101813364731404293
1104859142135709697
1108070233724592128
1113424654314688512
1119958354133123073
1120590481526853632
1121009669508616192
1123168536900149248
1125874970368909315
1126603091594358786
11266522
1128604282029334528
1129162478863233025
1130572188883521536
1132761020139745280
1156504054685732865
1158018026131873793
1161398602452918272
1161454372338974720
116534927
1165588528778100736
1171513957946757120
1172425324237246465
11754812
1180057688463613953
1182673923999174657
1187849523349065728
1191780500165120000
1195347684204396546
1198800389740609538
1204525307644010496
1206168124233400320
120873512
1209121057782800384
1211299375420297216
1213280478117036034
1213646906334666752
1214895653580488705
1215630046070824960
1215972590923210753
1219631265021931522
1220871244951605249
1221493436123156481
1223043337214681090
1223608091071123456
1226560100057243649
1231268571373883392
1233458020295811072
1233738968665088000
1235802357868322817
1236243385171603456
1239223610469781506
1240538088432185345
1241829659878268928
1243568983363612672
1248299133779181568
1249509534957092864
1251092739510267906
1251193280122978306
1251964546568187905
1257262178538680321
1257997006443819008
1258228048714969090
1258424989474189313
1261632540005236736
1262229839546912769
1262534405211385856
1262807433270919170
1265401397589078016
1265600333952229379
1268106861963698177
1270806365498458114
1271969883497127937
1272580109820624896
1272595267624337410
1272955692803149826
1276974454522904576
1277578061672742913
1280454808348930050
1280906135818698753
1282015065256927232
1286711359330291713
1287061311365369857
1288803704
1294825420416720897
1295007739551182848
1295127382366588928
1296845524805419009
1298868456897486850
1301770902
1305819519131164673
1306001046922174464
1306162062733635585
1306935963684306944
1306971655751766019
1307134933597470720
1308375708268408833
1310944763311513615
1312408670446268416
1312534926697390083
1317587409605971968
1317900257376817152
1318508490751574017
1318650845093859331
1318689560931536896
1322290012629721088
1322401621440139265
1323281554630680577
1328854752801730563
1329417597549424640
1329717259460358144
1332309639996846082
1332989262204084225
133393760
1334413019347111940
1335969463359971328
1339551850585083906
1340256397028712449
1342382805997809664
1342977202250518528
1343986937233858560
1343995324457693190
1344280971646914560
1344576440378028032
1344669481956757507
13465542
1346813282707976193
1347600001
1347663335924367361
1348900176027504648
1350106191775592450
1350177113438085121
1352038277851738112
1352811225659355137
1353102445874982913
1354074158343327747
1354283228283236353
1354430236365099011
1354699331937259522
1354734539172687872
1362847170
1416377684
141943369
1423151497
142392478
14315686
1431628465
1435651854
145176695
145998173
146449094
1482478514
1489786256
1498985430
1512634742
15359018
157782597
15902958
159042716
1619858456
16577485
16664309
1681819777
1687541196
16973333
1702442298
171252113
174199827
1744879124
17502224
17808423
17821097
17898040
182110202
184555211
18521554
1863065065
188029826
1883270346
1900145978
19625621
1963346029
1976656130
198006777
19935117
19962831
209383326
212761073
2164876586
217016594
219749147
221027977
2241519652
2248313230
2282025920
2282060660
2300538183
23067033
2324568661
2347352711
234898992
23577653
236013676
2393285444
2396537760
2430615768
2457313457
2469591113
2471532229
2484504264
2506434265
254651883
2601559914
2620516569
2647865070
2656434619
2657641929
2703730873
2725971582
2732317657
274129162
2755201581
277612792
286111543
2880918367
2883191
288520854
2904725353
2905119689
2907470177
290906560
2909698257
2911599950
291874344
2921967869
2924452820
293191967
2934987042
2940020686
2940058926
2941453359
294273886
2943723016
2943785315
2944918321
294681513
294824682
2950264575
2950573264
2950770341
2958176536
2966593685
29767429
2982371746
2985227847
299542741
2998018325
300364047
3007763621
3023182078
3025098333
3027746500
302844909
3035164144
3035483919
3038006302
3042773702
304450238
3047428798
3047613815
306102436
306958770
3071210705
307471804
308277467
3092676327
309414808
3095505317
3100311835
310251516
312772647
3133812163
313691738
3138290804
3140161760
314575393
3147668349
3163374408
31654623
3171565963
3179312323
3181260674
3190839116
3194783774
3195873102
3202241423
320472716
3205850519
3221650112
32281862
32303391
3230738641
3232151599
3236295788
32391668
3240414811
3241524122
3243810425
3246754496
3248620743
3249497346
3253232813
3254714925
3254819096
3262258541
3272793348
327466354
3280973010
3284917358
3286298371
3294258922
3295522935
3298308352
3300734923
3303375061
3303695283
330425087
3311528907
3312097878
3328492773
333748591
3339439636
334359351
3345623183
3359721
33623543
3374146875
337673343
3380516991
33816858
3384315347
3397439055
339994930
3400897287
340940335
341088487
3415849731
34171697
343167810
34604616
346344479
346806918
346831287
3470465713
3492153256
350332819
3529709057
353074890
353097900
356834975
357343967
358042751
3627105738
362944008
363269363
3635187977
3635712916
363803249
36483356
3656180775
36660840
367926822
371006751
372929842
373911834
3760377800
377163428
377741674
378106623
37813994
378568668
378812064
379327690
380617225
382751897
384111325
384807729
386673043
3875399553
387969894
38835105
3889953923
3900899774
39045973
3912362663
39291662
392990160
393776123
394665227
395553356
39561645
3957879675
396437911
396844710
397202154
40020381
40089879
4030272837
403616166
4039823414
404142519
405226315
406614278
408422795
408949447
40956698
410673157
41106214
4116157754
4139857460
414120942
4143206855
41583780
41806792
4184421735
4184466087
4187578347
420406462
423066967
423115257
423559593
425177310
426355080
42884236
4299993435
430383330
4307910389
435335896
437109971
4374508213
4393434735
4397649497
440040670
444125817
44803927
45071998
4514295432
456473407
4568991927
4578215894
458118362
459915113
46318478
4635889006
4646017234
464962187
4672076378
467544092
468383545
4690625144
4693818444
471520440
4726499415
47266477
4735508962
4754677875
47598770
4782953242
4831280454
4832549112
48349148
484029674
484724374
4850998170
4869958024
487608299
4877718196
488861612
489175582
4896397426
49000976
4901176453
4905481628
49428130
497626308
49919771
501961180
50262653
50305181
50364266
50569978
50783523
512012830
51321334
51413164
51506962
51764965
51791728
519756935
52045621
522092928
53303731
53774423
53853014
541123845
54232881
543233740
546772596
54807201
5559402
556407384
55710866
558348601
558677907
559672730
560723203
561510965
561730713
56487105
565855573
565885848
567077612
57376437
574372450
577334331
577383100
577972071
57952151
58291764
584026108
585180536
588751623
5889072
591612130
591925781
59282770
594594161
598729366
598839302
600469040
600533187
604171529
607498773
608198731
613480419
61507263
617301583
618533198
619112467
619519038
622512250
623050576
62330151
623918689
6240732
626850418
6273392
629817824
630508013
635244475
63603448
63801938
64870864
64952322
65006856
67820350
68097138
68396833
694883505717678080
700545287295791104
701981756791115776
705813278405074944
707657878212120577
708496406017748993
708561602438684672
709006946389479425
710233616148729860
711015949697216512
711660607779512321
714982101
715557235011792896
715906103888850944
716206330273464321
716292006553772033
717504126
1005824864211603456
1009983244211773441
1011399278860922881
1019714688450428928
1026278930578169856
1032495757171945475
1012255892333580288
1016290262455287813
1028309783751917568
1029037128452374528
1029646704
1032848910581149696
1033278747758260224
1035781488728371201
1036904010
1039357481112219650
104585581
1052276148439277568
1052582432820551681
105593442
1057249723260788737
1059277904092282880
1062125161
1068226816136097793
1073690365410988032
1075113114629300224
1083741684024987648
1085789595537678336
1090800638127157249
1097234032230891520
1100960949773709313
1101218353878913026
1104133656560496641
1106694318901940225
1111321764305477638
111150595
1111536280062562304
1112252575309533185
1112445471132405766
1112879760680599558
1114390163159965696
1115506296151793666
1121886241291685890
1128000532138921984
1130016364784230400
1135256069532336128
1138659071953911809
1140183523
1140678246339661824
1143159729486741510
1145537961070665728
1155895191313797121
1156023360159019009
1157817376743800832
1157836530141913089
1159260728894873602
1166281572539985920
1169641865781698560
1175419039214166016
1176697057
1177236943597383681
1178846145268858882
1188813999216852992
1188832853980860417
1190042837708083200
1190823769025236993
1192534061803343872
119281743
1196153514982031360
1201925666691784707
1205511266267062272
1206316221613912065
1209673498114871297
1210480026594021376
1210536814097813507
1211382374627332096
1213449179483144193
1214480926438244353
1214934584
1216636114523443200
1220872736
1223403771444809728
1226243223804416002
1228285976109150209
1229898488743415819
1231465163640803328
1236297725202718720
1236726503993274369
1238457218518802439
1239097909372583937
1243722582290882560
1246782780245250049
1247691159717261317
124780057
1255529844722581506
1259275697350234113
1259335301643804672
1260578538605903875
1261030520009392129
1261251444398870529
1263160000429555713
1264226516604420101
1264957493827866625
1267605195392860161
1276325690611204096
1276647787493548032
1277199477783375872
1278063240501760000
1279683479010148353
1279875208128716807
1281403704210591747
1282400021745287169
1282582462263177218
1286698912670154752
1287584963701944320
1291946942
1292160106222813185
1295873711686463488
1299792145742733312
1300362472705187840
1304917766646923264
1307441907296088064
1308638282368991232
1313170664157782016
1313413591077445633
1316079739837259778
1317624459818233856
1317680151027617792
1318085305790984192
1319367753288089601
1319935915410681857
1320565816425852928
1323343696679604233
1324128818647441409
1324686151127605249
1325065495964344320
1327768783277105154
1329638108
1329910237130874880
1330374418036645891
1331970518828920838
1333902353309847552
1334255652454150153
1334743420959666181
1337803620834832385
1339643170381021185
1340503199451635713
1341420850092920838
134614736
1346506692343828482
1346757688269676546
1347335249018064896
1347537281104674817
1347888799410487297
1348290914570141697
1349051979104976896
1349444180691587075
1350009207848923136
1351133228732723200
1351782234936762368
1352738505680711680
1353176904
1353601035894464512
1353875225981710338
1354192860938199040
1354500452147032064
1354796109210726402
1354802690769907721
137679779
138907788
139003647
1400694691
1407639114
1424056723
1427504340
14626833
1475268782
1484932332
1511442091
1545734665
154649694
160260751
163860783
16422171
164298646
16672689
1679826144
168428027
168453283
16999934
17161975
1864502264
1878067436
187901041
18791343
1883322944
197990196
199691235
212919108
215050234
2158484111
216103914
2161700144
2165575189
2173469048
2181624691
2189398110
2196375866
220431037
223950508
2241731186
2261030112
226272834
